| |4| |9|5|3|1|2| |
|3|1| | | | |9|5| |
|6| | |1|8| | |7| |
| |7| | |4| | | | |
|5|2|6| | | |4|8|9|
| | | | |9| | |6| |
| |8| | |2|4| | |1|
| |6|9| | | | |4|5|
| |5|1|7|6|9| |3| |




solução:
|8|4|7|9|5|3|1|2|6|
|3|1|2|4|7|6|9|5|8|
|6|9|5|1|8|2|3|7|4|
|9|7|8|6|4|5|2|1|3|
|5|2|6|3|1|7|4|8|9|
|1|3|4|2|9|8|5|6|7|
|7|8|3|5|2|4|6|9|1|
|2|6|9|8|3|1|7|4|5|
|4|5|1|7|6|9|8|3|2|


[[8 4 7 9 5 3 1 2 4]
 [3 1 8 4 7 2 9 5 8]
 [6 9 2 1 8 4 3 7 3]
 [9 7 8 6 4 8 5 1 2]
 [5 2 6 3 3 1 4 8 9]
 [1 3 4 2 9 1 5 6 7]
 [7 8 3 9 2 4 7 6 1]
 [2 6 9 8 1 1 2 4 5]
 [4 5 1 7 6 9 8 3 8]]